3.141592653589793238462643
38327950288419716939937510
58209749445923078164062862
08998628034825342117067982
14808651328230664709384460
95505822317253594081284811
17450284102701938521105559
64462294895493038196442881
09756659334461284756482337
86783165271201909145648566
92346034861045432664821339
36072602491412737245870066
06315588174881520920962829
25409171536436789259036001
13305305488204665213841469
51941511609433057270365759
59195309218611738193261179
31051185480744623799627495
67351885752724891227938183
01194912983367336244065664
30860213949463952247371907
02179860943702770539217176
29317675238467481846766940
51320005681271452635608277
85771342757789609173637178
72146844090122495343014654
95853710507922796892589235
42019956112129021960864034
41815981362977477130996051
87072113499999983729780499
51059731732816096318595024
45945534690830264252230825
33446850352619311881710100
03137838752886587533208381
42061717766914730359825349
04287554687311595628638823
53787593751957781857780532
17122680661300192787661119
59092164201989

